1201804335573457
1202307572099831
1202345380033501
1205116338250594
1205116582692367
1206107247955965
1206195184666185
1206611470695262
1206697016577828
1207076018378515
1207227246081051
1207227246081055
1207472348795961
1207719152384585
1207807429021677
1207936539165855
1207997285909057
1207997285909067
1208446323127302
1208566644849979
1208824916222701
1208966612840794
1209341569523023
1209810603298996
1212682710571104
1201419888491769
1201630530770402
1202249986869628
1202285611370498
1202577974705450
1202901958514902
1202932238247925
1202932238247962
1203453980586490
1203575688653095
1203665223001281
1205116269102358
1205116338250328
1205116338250588
1205116338251100
1205116582693309
1205116582705721
1205274451752581
1205276690257083
1205328057280409
1205443322795807
1205500027983590
1205570594695742
1205676680305855
1205899850465196
1205968187445376
1206082388101021
1206092756392323
1206313161153237
1206319973852253
1206459470098675
1206500118832501
1206556428908546
1206599483279838
1206599486554227
1206599868789753
1206680941552007
1206761892050119
1207040095329204
1207055782648230
1207090461715815
1207164597191135
1207191994455851
1207313861801903
1207478721609955
1207656213057743
1207745297082870
1207791372602229
1207840263393342
1207932518214722
1207954608242230
1207963643374848
1208067453555636
1208093052990121
1208310455853661
1208410307360543
1208420102206121
1208466312889707
1208489109122649
1208512137086700
1208668469512935
1208708301955132
1208804214679221
1208959752825124
1209065390458986
1209070063529842
1209124762823087
1209270269550738
1209295376580303
1209322247320110
1209331357012597
1209354627552773
1209361505054264
1209364736768174
1209578699987022
1210105552946744
1210195579723227
1210198276433178
1210412643491086
1211154586566103
1211748152776431
1211825706684406
1212241930115085
1212241930115104
1212382153250483
1213039242273578
1213039242273606
1213084150260481
1213187272261192
1213440787569430
1203256287167556
1207686072480981
1207901738291904
1208277764406443
1208315991371618
1208517447344693
1208708249248661
1208737804434371
1208737804434374
1208737804434377
1209309485958402
1210010592970285
1210167981092335
1210332757698540
1211375361505143
1211794312040342
1211794316974740
1211994314451601
1212272605279527
1212335811020021
1212707108257006
1213087963600771
1213523621867432
1202334306212962
1202662431551909
1202889070737640
1203810268500709
1203823186530286
1205116582532605
1205278949378724
1205521145680103
1206049909396927
1206266703932396
1206605126358616
1207092348167776
1207142093315322
1207317004088490
1207377560958306
1207708514301697
1207719087523191
1207762720344399
1207799740283116
1207945262643680
1208136693780130
1208274449473480
1208343884336082
1208433846183384
1208491973394829
1208552028063608
1208613421846778
1208693467242857
1208895982548211
1209037945671167
1209088554039420
1209099039488163
1209106195634625
1209111585087501
1209202153796171
1209274054486691
1209274542619889
1209280160063465
1209386444522059
1209423333082418
1209494907392735
1209503377452480
1209550218166667
1209578928524714
1209635536028914
1209648538157513
1209730655259960
1209734868131566
1209748469713605
1209794410655108
1209846013109075
1209849441454098
1209874946790681
1209957396336537
1210018467068307
1210056182565331
1210189067865249
1210232853367873
1210256812555002
1210269472125753
1210269472127811
1210285633832745
1210343147453054
1210349074098996
1210356685161390
1210386834127080
1210386975840249
1210398297448868
1210461130881735
1210500372058196
1210928761441809
1210998309603249
1211082929006116
1211377977815264
1211395593256657
1211523432092866
1211547254427307
1211548240307868
1211705098156379
1211712904377238
1211721254960601
1211722469947885
1211784426963311
1211820931353824
1211820933100839
1211823676932639
1211848018634151
1212005915856503
1212241930115059
1212241930115071
1212241930115133
1212308341554076
1212354962047187
1212391576202277
1212463040498365
1212485129400925
1212485129401000
1212485129401012
1212509905635619
1212510075566397
1212510539874819
1212637752281699
1212637755782463
1212637755782518
1212650985215238
1212681573743532
1212802287357658
1212909253528830
1212975318887693
1212986863477368
1213084169077353
1213084169077364
1213084169077375
1213166260490037
1213230459581553
1213518354757812
1213984525738671
